8:30:24: Executing task 'Main.main()'...

> Task :compileJava
> Task :processResources NO-SOURCE
> Task :classes

> Task :Main.main()

№    size            threshold       cycle        fork/join    is better?  %
1    25              10              0,0000028    0,0085592    false       305585,7 %
2    50              10              0,0000013    0,0013366    false       102715,4 %
3    50              25              0,0000013    0,0001574    false       12007,7 %
4    75              10              0,0000019    0,0008891    false       46694,7 %
5    75              25              0,0000017    0,0002242    false       13088,2 %
6    75              50              0,0000218    0,0001625    false       645,4 %
7    100             10              0,0000024    0,0004240    false       17566,7 %
8    100             25              0,0000022    0,0002510    false       11309,1 %
9    100             50              0,0000022    0,0001519    false       6804,5 %
10   100             75              0,0000022    0,0001949    false       8759,1 %
11   250             10              0,0000043    0,0007911    false       18297,7 %
12   250             25              0,0000047    0,0004522    false       9521,3 %
13   250             50              0,0000044    0,0003255    false       7297,7 %
14   250             75              0,0000043    0,0027477    false       63800,0 %
15   250             100             0,0000043    0,0002493    false       5697,7 %
16   500             10              0,0000086    0,0017777    false       20570,9 %
17   500             25              0,0000080    0,0008264    false       10230,0 %
18   500             50              0,0000086    0,0002635    false       2964,0 %
19   500             75              0,0000083    0,0001618    false       1849,4 %
20   500             100             0,0000084    0,0001803    false       2046,4 %
21   500             250             0,0000082    0,0001500    false       1729,3 %
22   750             10              0,0000160    0,0013579    false       8386,9 %
23   750             25              0,0000122    0,0006037    false       4848,4 %
24   750             50              0,0000121    0,0002951    false       2338,8 %
25   750             75              0,0000116    0,0001871    false       1512,9 %
26   750             100             0,0000125    0,0003605    false       2784,0 %
27   750             250             0,0000124    0,0002084    false       1580,6 %
28   750             500             0,0000122    0,0010376    false       8404,9 %
29   1 000           10              0,0000167    0,0042409    false       25294,6 %
30   1 000           25              0,0000251    0,0016862    false       6617,9 %
31   1 000           50              0,0000156    0,0001872    false       1100,0 %
32   1 000           75              0,0000162    0,0002759    false       1603,1 %
33   1 000           100             0,0000156    0,0000867    false       455,8 %
34   1 000           250             0,0000157    0,0000822    false       423,6 %
35   1 000           500             0,0000156    0,0000743    false       376,3 %
36   1 000           750             0,0000161    0,0001373    false       752,8 %
37   2 500           10              0,0000378    0,0006473    false       1612,4 %
38   2 500           25              0,0000375    0,0004133    false       1002,1 %
39   2 500           50              0,0000395    0,0001937    false       390,4 %
40   2 500           75              0,0000393    0,0001995    false       407,6 %
41   2 500           100             0,0000379    0,0001391    false       267,0 %
42   2 500           250             0,0000376    0,0000816    false       117,0 %
43   2 500           500             0,0000377    0,0001392    false       269,2 %
44   2 500           750             0,0000394    0,0000962    false       144,2 %
45   2 500           1 000           0,0000376    0,0000812    false       116,0 %
46   5 000           10              0,0000746    0,0019622    false       2530,3 %
47   5 000           25              0,0000744    0,0006353    false       753,9 %
48   5 000           50              0,0001152    0,0003294    false       185,9 %
49   5 000           75              0,0000747    0,0002823    false       277,9 %
50   5 000           100             0,0000840    0,0002162    false       157,4 %
51   5 000           250             0,0000267    0,0001553    false       481,6 %
52   5 000           500             0,0000689    0,0001464    false       112,5 %
53   5 000           750             0,0000113    0,0001013    false       796,5 %
54   5 000           1 000           0,0000886    0,0001364    false       54,0 %
55   5 000           2 500           0,0000422    0,0000814    false       92,9 %
56   7 500           10              0,0000167    0,0014605    false       8645,5 %
57   7 500           25              0,0000599    0,0011675    false       1849,1 %
58   7 500           50              0,0000658    0,0004171    false       533,9 %
59   7 500           75              0,0000609    0,0004957    false       714,0 %
60   7 500           100             0,0001016    0,0002827    false       178,2 %
61   7 500           250             0,0000584    0,0021794    false       3631,8 %
62   7 500           500             0,0000590    0,0001799    false       204,9 %
63   7 500           750             0,0001099    0,0003450    false       213,9 %
64   7 500           1 000           0,0000985    0,0001662    false       68,7 %
65   7 500           2 500           0,0000572    0,0010451    false       1727,1 %
66   7 500           5 000           0,0000750    0,0003000    false       300,0 %
67   10 000          10              0,0000638    0,0060354    false       9359,9 %
68   10 000          25              0,0000631    0,0007684    false       1117,7 %
69   10 000          50              0,0000633    0,0007221    false       1040,8 %
70   10 000          75              0,0000893    0,0004214    false       371,9 %
71   10 000          100             0,0000801    0,0007675    false       858,2 %
72   10 000          250             0,0000816    0,0009302    false       1040,0 %
73   10 000          500             0,0000625    0,0003661    false       485,8 %
74   10 000          750             0,0005618    0,0001806    true        -67,9 %
75   10 000          1 000           0,0000969    0,0002219    false       129,0 %
76   10 000          2 500           0,0000929    0,0007688    false       727,6 %
77   10 000          5 000           0,0000036    0,0000859    false       2286,1 %
78   10 000          7 500           0,0000036    0,0000762    false       2016,7 %
79   25 000          10              0,0000092    0,0025575    false       27698,9 %
80   25 000          25              0,0000126    0,0005770    false       4479,4 %
81   25 000          50              0,0000094    0,0047895    false       50852,1 %
82   25 000          75              0,0000089    0,0002748    false       2987,6 %
83   25 000          100             0,0000104    0,0002528    false       2330,8 %
84   25 000          250             0,0000082    0,0001156    false       1309,8 %
85   25 000          500             0,0000101    0,0001082    false       971,3 %
86   25 000          750             0,0000094    0,0001470    false       1463,8 %
87   25 000          1 000           0,0000095    0,0000913    false       861,1 %
88   25 000          2 500           0,0000093    0,0020743    false       22204,3 %
89   25 000          5 000           0,0000098    0,0000890    false       808,2 %
90   25 000          7 500           0,0000089    0,0000744    false       736,0 %
91   25 000          10 000          0,0000088    0,0001933    false       2096,6 %
92   50 000          10              0,0000183    0,0008333    false       4453,6 %
93   50 000          25              0,0000198    0,0004848    false       2348,5 %
94   50 000          50              0,0000186    0,0001988    false       968,8 %
95   50 000          75              0,0000180    0,0002144    false       1091,1 %
96   50 000          100             0,0000185    0,0010613    false       5636,8 %
97   50 000          250             0,0000178    0,0001304    false       632,6 %
98   50 000          500             0,0000178    0,0001130    false       534,8 %
99   50 000          750             0,0000194    0,0002816    false       1351,5 %
100  50 000          1 000           0,0000208    0,0002218    false       966,3 %
101  50 000          2 500           0,0000205    0,0001062    false       418,0 %
102  50 000          5 000           0,0000163    0,0008704    false       5239,9 %
103  50 000          7 500           0,0000179    0,0001562    false       772,6 %
104  50 000          10 000          0,0000180    0,0002997    false       1565,0 %
105  50 000          25 000          0,0000176    0,0010584    false       5913,6 %
106  75 000          10              0,0000257    0,0035533    false       13726,1 %
107  75 000          25              0,0000279    0,0006890    false       2369,5 %
108  75 000          50              0,0000273    0,0003677    false       1246,9 %
109  75 000          75              0,0000251    0,0004416    false       1659,4 %
110  75 000          100             0,0000275    0,0002230    false       710,9 %
111  75 000          250             0,0000282    0,0002512    false       790,8 %
112  75 000          500             0,0000289    0,0002243    false       676,1 %
113  75 000          750             0,0000254    0,0001397    false       450,0 %
114  75 000          1 000           0,0000282    0,0001423    false       404,6 %
115  75 000          2 500           0,0000266    0,0001287    false       383,8 %
116  75 000          5 000           0,0000292    0,0002149    false       636,0 %
117  75 000          7 500           0,0000280    0,0001520    false       442,9 %
118  75 000          10 000          0,0000269    0,0000810    false       201,1 %
119  75 000          25 000          0,0000462    0,0001373    false       197,2 %
120  75 000          50 000          0,0000272    0,0000922    false       239,0 %
121  100 000         10              0,0000315    0,0012932    false       4005,4 %
122  100 000         25              0,0000756    0,0004878    false       545,2 %
123  100 000         50              0,0000553    0,0006997    false       1165,3 %
124  100 000         75              0,0000513    0,0001958    false       281,7 %
125  100 000         100             0,0000406    0,0004394    false       982,3 %
126  100 000         250             0,0000366    0,0001922    false       425,1 %
127  100 000         500             0,0000389    0,0002446    false       528,8 %
128  100 000         750             0,0000358    0,0001112    false       210,6 %
129  100 000         1 000           0,0000347    0,0001602    false       361,7 %
130  100 000         2 500           0,0000371    0,0001873    false       404,9 %
131  100 000         5 000           0,0000356    0,0001017    false       185,7 %
132  100 000         7 500           0,0000353    0,0001183    false       235,1 %
133  100 000         10 000          0,0000482    0,0020623    false       4178,6 %
134  100 000         25 000          0,0000369    0,0001186    false       221,4 %
135  100 000         50 000          0,0000591    0,0001432    false       142,3 %
136  100 000         75 000          0,0000375    0,0001170    false       212,0 %
137  250 000         10              0,0001221    0,0023988    false       1864,6 %
138  250 000         25              0,0000920    0,0020024    false       2076,5 %
139  250 000         50              0,0001031    0,0008505    false       724,9 %
140  250 000         75              0,0000921    0,0008864    false       862,4 %
141  250 000         100             0,0000965    0,0017521    false       1715,6 %
142  250 000         250             0,0001442    0,0004569    false       216,9 %
143  250 000         500             0,0001035    0,0002625    false       153,6 %
144  250 000         750             0,0000971    0,0003358    false       245,8 %
145  250 000         1 000           0,0000952    0,0002398    false       151,9 %
146  250 000         2 500           0,0001111    0,0002517    false       126,6 %
147  250 000         5 000           0,0000926    0,0002205    false       138,1 %
148  250 000         7 500           0,0000991    0,0001778    false       79,4 %
149  250 000         10 000          0,0000951    0,0004665    false       390,5 %
150  250 000         25 000          0,0001061    0,0002490    false       134,7 %
151  250 000         50 000          0,0001363    0,0002083    false       52,8 %
152  250 000         75 000          0,0000975    0,0002324    false       138,4 %
153  250 000         100 000         0,0000977    0,0023519    false       2307,3 %
154  500 000         10              0,0001807    0,0086942    false       4711,4 %
155  500 000         25              0,0001894    0,0034861    false       1740,6 %
156  500 000         50              0,0002420    0,0032138    false       1228,0 %
157  500 000         75              0,0002049    0,0006947    false       239,0 %
158  500 000         100             0,0002179    0,0006110    false       180,4 %
159  500 000         250             0,0001813    0,0004890    false       169,7 %
160  500 000         500             0,0002951    0,0005092    false       72,6 %
161  500 000         750             0,0002834    0,0008511    false       200,3 %
162  500 000         1 000           0,0001946    0,0003341    false       71,7 %
163  500 000         2 500           0,0001832    0,0003057    false       66,9 %
164  500 000         5 000           0,0002467    0,0005303    false       115,0 %
165  500 000         7 500           0,0003403    0,0005489    false       61,3 %
166  500 000         10 000          0,0001756    0,0004804    false       173,6 %
167  500 000         25 000          0,0001782    0,0003464    false       94,4 %
168  500 000         50 000          0,0002288    0,0002405    false        5,1 %
169  500 000         75 000          0,0001702    0,0001902    false       11,8 %
170  500 000         100 000         0,0001805    0,0002070    false       14,7 %
171  500 000         250 000         0,0001703    0,0001627    true        -4,5 %
172  750 000         10              0,0002605    0,0070276    false       2597,7 %
173  750 000         25              0,0003297    0,0026257    false       696,4 %
174  750 000         50              0,0002635    0,0016955    false       543,5 %
175  750 000         75              0,0002459    0,0018530    false       653,6 %
176  750 000         100             0,0002399    0,0009221    false       284,4 %
177  750 000         250             0,0002843    0,0005423    false       90,7 %
178  750 000         500             0,0002432    0,0004020    false       65,3 %
179  750 000         750             0,0003144    0,0003666    false       16,6 %
180  750 000         1 000           0,0002385    0,0003482    false       46,0 %
181  750 000         2 500           0,0003134    0,0003341    false        6,6 %
182  750 000         5 000           0,0002491    0,0003339    false       34,0 %
183  750 000         7 500           0,0002514    0,0002511    true        -0,1 %
184  750 000         10 000          0,0002412    0,0004011    false       66,3 %
185  750 000         25 000          0,0002422    0,0002459    false        1,5 %
186  750 000         50 000          0,0002781    0,0002746    true        -1,3 %
187  750 000         75 000          0,0002497    0,0003615    false       44,8 %
188  750 000         100 000         0,0002449    0,0003136    false       28,1 %
189  750 000         250 000         0,0002716    0,0003010    false       10,8 %
190  750 000         500 000         0,0002518    0,0002756    false        9,5 %
191  1 000 000       10              0,0003213    0,0104429    false       3150,2 %
192  1 000 000       25              0,0003655    0,0049028    false       1241,4 %
193  1 000 000       50              0,0003931    0,0030680    false       680,5 %
194  1 000 000       75              0,0003442    0,0014303    false       315,5 %
195  1 000 000       100             0,0003321    0,0015566    false       368,7 %
196  1 000 000       250             0,0004844    0,0009580    false       97,8 %
197  1 000 000       500             0,0003753    0,0005308    false       41,4 %
198  1 000 000       750             0,0003259    0,0009199    false       182,3 %
199  1 000 000       1 000           0,0003389    0,0004655    false       37,4 %
200  1 000 000       2 500           0,0003822    0,0003758    true        -1,7 %
201  1 000 000       5 000           0,0003718    0,0004617    false       24,2 %
202  1 000 000       7 500           0,0003952    0,0003678    true        -6,9 %
203  1 000 000       10 000          0,0003372    0,0003495    false        3,6 %
204  1 000 000       25 000          0,0003291    0,0003252    true        -1,2 %
205  1 000 000       50 000          0,0004565    0,0003414    true        -25,2 %
206  1 000 000       75 000          0,0003225    0,0003213    true        -0,4 %
207  1 000 000       100 000         0,0003242    0,0003710    false       14,4 %
208  1 000 000       250 000         0,0003528    0,0003159    true        -10,5 %
209  1 000 000       500 000         0,0003525    0,0003368    true        -4,5 %
210  1 000 000       750 000         0,0003657    0,0003368    true        -7,9 %
211  2 500 000       10              0,0008632    0,0289927    false       3258,7 %
212  2 500 000       25              0,0008872    0,0043640    false       391,9 %
213  2 500 000       50              0,0009208    0,0025854    false       180,8 %
214  2 500 000       75              0,0009288    0,0026591    false       186,3 %
215  2 500 000       100             0,0008496    0,0015673    false       84,5 %
216  2 500 000       250             0,0009135    0,0015999    false       75,1 %
217  2 500 000       500             0,0009830    0,0014294    false       45,4 %
218  2 500 000       750             0,0008393    0,0011106    false       32,3 %
219  2 500 000       1 000           0,0009116    0,0008498    true        -6,8 %
220  2 500 000       2 500           0,0010626    0,0007404    true        -30,3 %
221  2 500 000       5 000           0,0009073    0,0013247    false       46,0 %
222  2 500 000       7 500           0,0008176    0,0007466    true        -8,7 %
223  2 500 000       10 000          0,0009196    0,0008097    true        -12,0 %
224  2 500 000       25 000          0,0009185    0,0007234    true        -21,2 %
225  2 500 000       50 000          0,0008454    0,0007078    true        -16,3 %
226  2 500 000       75 000          0,0010407    0,0006208    true        -40,3 %
227  2 500 000       100 000         0,0008480    0,0007574    true        -10,7 %
228  2 500 000       250 000         0,0008554    0,0010182    false       19,0 %
229  2 500 000       500 000         0,0008159    0,0009957    false       22,0 %
230  2 500 000       750 000         0,0008001    0,0008672    false        8,4 %
231  2 500 000       1 000 000       0,0008643    0,0008208    true        -5,0 %
232  5 000 000       10              0,0017687    0,0663950    false       3653,9 %
233  5 000 000       25              0,0019910    0,0220621    false       1008,1 %
234  5 000 000       50              0,0016190    0,0115315    false       612,3 %
235  5 000 000       75              0,0016201    0,0074431    false       359,4 %
236  5 000 000       100             0,0016003    0,0029960    false       87,2 %
237  5 000 000       250             0,0016859    0,0022353    false       32,6 %
238  5 000 000       500             0,0017008    0,0015855    true        -6,8 %
239  5 000 000       750             0,0016986    0,0013688    true        -19,4 %
240  5 000 000       1 000           0,0016072    0,0013322    true        -17,1 %
241  5 000 000       2 500           0,0019124    0,0013254    true        -30,7 %
242  5 000 000       5 000           0,0018557    0,0014312    true        -22,9 %
243  5 000 000       7 500           0,0016522    0,0014724    true        -10,9 %
244  5 000 000       10 000          0,0016876    0,0013122    true        -22,2 %
245  5 000 000       25 000          0,0016911    0,0012201    true        -27,9 %
246  5 000 000       50 000          0,0019296    0,0012049    true        -37,6 %
247  5 000 000       75 000          0,0016822    0,0011789    true        -29,9 %
248  5 000 000       100 000         0,0016830    0,0012188    true        -27,6 %
249  5 000 000       250 000         0,0016396    0,0012238    true        -25,4 %
250  5 000 000       500 000         0,0016861    0,0010781    true        -36,1 %
251  5 000 000       750 000         0,0016817    0,0011584    true        -31,1 %
252  5 000 000       1 000 000       0,0017054    0,0012052    true        -29,3 %
253  5 000 000       2 500 000       0,0016562    0,0015168    true        -8,4 %
254  7 500 000       10              0,0028299    0,0742551    false       2523,9 %
255  7 500 000       25              0,0027669    0,0340152    false       1129,4 %
256  7 500 000       50              0,0029982    0,0096147    false       220,7 %
257  7 500 000       75              0,0026387    0,0056481    false       114,0 %
258  7 500 000       100             0,0026174    0,0055802    false       113,2 %
259  7 500 000       250             0,0027058    0,0023547    true        -13,0 %
260  7 500 000       500             0,0025841    0,0018937    true        -26,7 %
261  7 500 000       750             0,0025741    0,0018852    true        -26,8 %
262  7 500 000       1 000           0,0025172    0,0018621    true        -26,0 %
263  7 500 000       2 500           0,0024962    0,0016677    true        -33,2 %
264  7 500 000       5 000           0,0026141    0,0017426    true        -33,3 %
265  7 500 000       7 500           0,0025193    0,0018119    true        -28,1 %
266  7 500 000       10 000          0,0024903    0,0015997    true        -35,8 %
267  7 500 000       25 000          0,0025394    0,0016077    true        -36,7 %
268  7 500 000       50 000          0,0024993    0,0016484    true        -34,0 %
269  7 500 000       75 000          0,0025106    0,0018952    true        -24,5 %
270  7 500 000       100 000         0,0025188    0,0016527    true        -34,4 %
271  7 500 000       250 000         0,0024252    0,0016916    true        -30,2 %
272  7 500 000       500 000         0,0028195    0,0021943    true        -22,2 %
273  7 500 000       750 000         0,0024377    0,0017802    true        -27,0 %
274  7 500 000       1 000 000       0,0027099    0,0016768    true        -38,1 %
275  7 500 000       2 500 000       0,0028614    0,0020771    true        -27,4 %
276  7 500 000       5 000 000       0,0024778    0,0017834    true        -28,0 %
277  10 000 000      10              0,0034919    0,0644893    false       1746,8 %
278  10 000 000      25              0,0032608    0,0235596    false       622,5 %
279  10 000 000      50              0,0033378    0,0100789    false       202,0 %
280  10 000 000      75              0,0033024    0,0111656    false       238,1 %
281  10 000 000      100             0,0031955    0,0094715    false       196,4 %
282  10 000 000      250             0,0034266    0,0036761    false        7,3 %
283  10 000 000      500             0,0033512    0,0029348    true        -12,4 %
284  10 000 000      750             0,0033756    0,0023706    true        -29,8 %
285  10 000 000      1 000           0,0032764    0,0024898    true        -24,0 %
286  10 000 000      2 500           0,0032113    0,0026780    true        -16,6 %
287  10 000 000      5 000           0,0037357    0,0027163    true        -27,3 %
288  10 000 000      7 500           0,0034771    0,0022128    true        -36,4 %
289  10 000 000      10 000          0,0033429    0,0021176    true        -36,7 %
290  10 000 000      25 000          0,0032639    0,0022196    true        -32,0 %
291  10 000 000      50 000          0,0034987    0,0020118    true        -42,5 %
292  10 000 000      75 000          0,0033828    0,0021645    true        -36,0 %
293  10 000 000      100 000         0,0032625    0,0024983    true        -23,4 %
294  10 000 000      250 000         0,0036777    0,0025169    true        -31,6 %
295  10 000 000      500 000         0,0033635    0,0020628    true        -38,7 %
296  10 000 000      750 000         0,0033506    0,0022560    true        -32,7 %
297  10 000 000      1 000 000       0,0033864    0,0023684    true        -30,1 %
298  10 000 000      2 500 000       0,0034167    0,0023185    true        -32,1 %
299  10 000 000      5 000 000       0,0031899    0,0027453    true        -13,9 %
300  10 000 000      7 500 000       0,0033379    0,0024411    true        -26,9 %
301  25 000 000      10              0,0084472    0,1913398    false       2165,1 %
302  25 000 000      25              0,0083097    0,0405333    false       387,8 %
303  25 000 000      50              0,0102205    0,0210026    false       105,5 %
304  25 000 000      75              0,0080883    0,0213486    false       163,9 %
305  25 000 000      100             0,0084215    0,0249241    false       196,0 %
306  25 000 000      250             0,0083758    0,0089075    false        6,3 %
307  25 000 000      500             0,0079289    0,0066121    true        -16,6 %
308  25 000 000      750             0,0084383    0,0062167    true        -26,3 %
309  25 000 000      1 000           0,0088045    0,0057949    true        -34,2 %
310  25 000 000      2 500           0,0082430    0,0056227    true        -31,8 %
311  25 000 000      5 000           0,0084046    0,0053769    true        -36,0 %
312  25 000 000      7 500           0,0083506    0,0051010    true        -38,9 %
313  25 000 000      10 000          0,0085313    0,0050666    true        -40,6 %
314  25 000 000      25 000          0,0083631    0,0050437    true        -39,7 %
315  25 000 000      50 000          0,0084398    0,0051221    true        -39,3 %
316  25 000 000      75 000          0,0082717    0,0050581    true        -38,9 %
317  25 000 000      100 000         0,0087274    0,0051457    true        -41,0 %
318  25 000 000      250 000         0,0088128    0,0050659    true        -42,5 %
319  25 000 000      500 000         0,0084397    0,0048671    true        -42,3 %
320  25 000 000      750 000         0,0085407    0,0050416    true        -41,0 %
321  25 000 000      1 000 000       0,0120221    0,0054187    true        -54,9 %
322  25 000 000      2 500 000       0,0083507    0,0050387    true        -39,7 %
323  25 000 000      5 000 000       0,0089164    0,0053241    true        -40,3 %
324  25 000 000      7 500 000       0,0087994    0,0061218    true        -30,4 %
325  25 000 000      10 000 000      0,0082968    0,0059688    true        -28,1 %
326  50 000 000      10              0,0166696    0,3455662    false       1973,0 %
327  50 000 000      25              0,0164619    0,0800375    false       386,2 %
328  50 000 000      50              0,0173057    0,0418988    false       142,1 %
329  50 000 000      75              0,0170930    0,0431665    false       152,5 %
330  50 000 000      100             0,0172164    0,0238984    false       38,8 %
331  50 000 000      250             0,0168096    0,0150653    true        -10,4 %
332  50 000 000      500             0,0167351    0,0129002    true        -22,9 %
333  50 000 000      750             0,0167285    0,0125446    true        -25,0 %
334  50 000 000      1 000           0,0173115    0,0112470    true        -35,0 %
335  50 000 000      2 500           0,0168116    0,0105943    true        -37,0 %
336  50 000 000      5 000           0,0167690    0,0102264    true        -39,0 %
337  50 000 000      7 500           0,0166671    0,0098550    true        -40,9 %
338  50 000 000      10 000          0,0170225    0,0102307    true        -39,9 %
339  50 000 000      25 000          0,0169579    0,0098743    true        -41,8 %
340  50 000 000      50 000          0,0171310    0,0101554    true        -40,7 %
341  50 000 000      75 000          0,0166572    0,0097831    true        -41,3 %
342  50 000 000      100 000         0,0167822    0,0096793    true        -42,3 %
343  50 000 000      250 000         0,0161631    0,0098373    true        -39,1 %
344  50 000 000      500 000         0,0164937    0,0099414    true        -39,7 %
345  50 000 000      750 000         0,0163405    0,0100498    true        -38,5 %
346  50 000 000      1 000 000       0,0167830    0,0098982    true        -41,0 %
347  50 000 000      2 500 000       0,0176015    0,0108513    true        -38,4 %
348  50 000 000      5 000 000       0,0168805    0,0099376    true        -41,1 %
349  50 000 000      7 500 000       0,0166829    0,0111717    true        -33,0 %
350  50 000 000      10 000 000      0,0167786    0,0103095    true        -38,6 %
351  50 000 000      25 000 000      0,0166689    0,0114276    true        -31,4 %
352  75 000 000      10              0,0254156    0,3900506    false       1434,7 %
353  75 000 000      25              0,0242331    0,1418366    false       485,3 %
354  75 000 000      50              0,0253916    0,0744336    false       193,1 %
355  75 000 000      75              0,0249935    0,0448842    false       79,6 %
356  75 000 000      100             0,0249756    0,0444458    false       78,0 %
357  75 000 000      250             0,0256388    0,0286759    false       11,8 %
358  75 000 000      500             0,0258477    0,0198611    true        -23,2 %
359  75 000 000      750             0,0247226    0,0169198    true        -31,6 %
360  75 000 000      1 000           0,0252839    0,0170483    true        -32,6 %
361  75 000 000      2 500           0,0262205    0,0152639    true        -41,8 %
362  75 000 000      5 000           0,0247366    0,0150243    true        -39,3 %
363  75 000 000      7 500           0,0254550    0,0149899    true        -41,1 %
364  75 000 000      10 000          0,0255146    0,0146325    true        -42,7 %
365  75 000 000      25 000          0,0251508    0,0145554    true        -42,1 %
366  75 000 000      50 000          0,0253211    0,0147627    true        -41,7 %
367  75 000 000      75 000          0,0254045    0,0147073    true        -42,1 %
368  75 000 000      100 000         0,0251125    0,0145963    true        -41,9 %
369  75 000 000      250 000         0,0251789    0,0146103    true        -42,0 %
370  75 000 000      500 000         0,0246825    0,0146497    true        -40,6 %
371  75 000 000      750 000         0,0253681    0,0148699    true        -41,4 %
372  75 000 000      1 000 000       0,0268787    0,0148183    true        -44,9 %
373  75 000 000      2 500 000       0,0248489    0,0146507    true        -41,0 %
374  75 000 000      5 000 000       0,0250147    0,0148195    true        -40,8 %
375  75 000 000      7 500 000       0,0250287    0,0152518    true        -39,1 %
376  75 000 000      10 000 000      0,0248120    0,0155357    true        -37,4 %
377  75 000 000      25 000 000      0,0298238    0,0174161    true        -41,6 %
378  75 000 000      50 000 000      0,0251749    0,0163244    true        -35,2 %
379  100 000 000     10              0,0337100    0,7470238    false       2116,0 %
380  100 000 000     25              0,0331895    0,1522264    false       358,7 %
381  100 000 000     50              0,0339357    0,0816408    false       140,6 %
382  100 000 000     75              0,0333825    0,0848084    false       154,1 %
383  100 000 000     100             0,0334697    0,0443144    false       32,4 %
384  100 000 000     250             0,0332762    0,0314246    true        -5,6 %
385  100 000 000     500             0,0347526    0,0256207    true        -26,3 %
386  100 000 000     750             0,0335295    0,0264977    true        -21,0 %
387  100 000 000     1 000           0,0337082    0,0220073    true        -34,7 %
388  100 000 000     2 500           0,0343861    0,0203060    true        -40,9 %
389  100 000 000     5 000           0,0338438    0,0195584    true        -42,2 %
390  100 000 000     7 500           0,0342009    0,0197999    true        -42,1 %
391  100 000 000     10 000          0,0340497    0,0198068    true        -41,8 %
392  100 000 000     25 000          0,0341039    0,0193158    true        -43,4 %
393  100 000 000     50 000          0,0337751    0,0195504    true        -42,1 %
394  100 000 000     75 000          0,0340889    0,0193336    true        -43,3 %
395  100 000 000     100 000         0,0341629    0,0189679    true        -44,5 %
396  100 000 000     250 000         0,0339613    0,0194554    true        -42,7 %
397  100 000 000     500 000         0,0332514    0,0193753    true        -41,7 %
398  100 000 000     750 000         0,0334193    0,0193430    true        -42,1 %
399  100 000 000     1 000 000       0,0339149    0,0196070    true        -42,2 %
400  100 000 000     2 500 000       0,0343452    0,0201336    true        -41,4 %
401  100 000 000     5 000 000       0,0335506    0,0195332    true        -41,8 %
402  100 000 000     7 500 000       0,0338788    0,0194757    true        -42,5 %
403  100 000 000     10 000 000      0,0332823    0,0194122    true        -41,7 %
404  100 000 000     25 000 000      0,0325550    0,0198846    true        -38,9 %
405  100 000 000     50 000 000      0,0339964    0,0228373    true        -32,8 %
406  100 000 000     75 000 000      0,0343639    0,0220411    true        -35,9 %
407  250 000 000     10              0,0810735    1,1899672    false       1367,8 %
408  250 000 000     25              0,0844553    0,5674142    false       571,9 %
409  250 000 000     50              0,0843382    0,3090122    false       266,4 %
410  250 000 000     75              0,0846859    0,1932583    false       128,2 %
411  250 000 000     100             0,0846147    0,1603064    false       89,5 %
412  250 000 000     250             0,0823261    0,1150805    false       39,8 %
413  250 000 000     500             0,0836197    0,0911223    false        9,0 %
414  250 000 000     750             0,0849494    0,0633814    true        -25,4 %
415  250 000 000     1 000           0,0829195    0,0539158    true        -35,0 %
416  250 000 000     2 500           0,0827222    0,0491941    true        -40,5 %
417  250 000 000     5 000           0,0855764    0,0491304    true        -42,6 %
418  250 000 000     7 500           0,0843333    0,0481656    true        -42,9 %
419  250 000 000     10 000          0,0853384    0,0484939    true        -43,2 %
420  250 000 000     25 000          0,0879049    0,0480032    true        -45,4 %
421  250 000 000     50 000          0,0838347    0,0481824    true        -42,5 %
422  250 000 000     75 000          0,0835670    0,0474771    true        -43,2 %
423  250 000 000     100 000         0,0845976    0,0485539    true        -42,6 %
424  250 000 000     250 000         0,0843737    0,0477716    true        -43,4 %
425  250 000 000     500 000         0,0846566    0,0476305    true        -43,7 %
426  250 000 000     750 000         0,0841878    0,0480501    true        -42,9 %
427  250 000 000     1 000 000       0,0834837    0,0484115    true        -42,0 %
428  250 000 000     2 500 000       0,0836858    0,0493257    true        -41,1 %
429  250 000 000     5 000 000       0,0841286    0,0477865    true        -43,2 %
430  250 000 000     7 500 000       0,0846144    0,0477246    true        -43,6 %
431  250 000 000     10 000 000      0,0828877    0,0479503    true        -42,2 %
432  250 000 000     25 000 000      0,0833957    0,0472220    true        -43,4 %
433  250 000 000     50 000 000      0,0822749    0,0501860    true        -39,0 %
434  250 000 000     75 000 000      0,0850311    0,0581331    true        -31,6 %
435  250 000 000     100 000 000     0,0849828    0,0581539    true        -31,6 %
436  500 000 000     10              0,1631044    2,3620100    false       1348,2 %
437  500 000 000     25              0,1641456    1,0911309    false       564,7 %
438  500 000 000     50              0,1693855    0,6123891    false       261,5 %
439  500 000 000     75              0,1652850    0,3646971    false       120,6 %
440  500 000 000     100             0,1649242    0,3449343    false       109,1 %
441  500 000 000     250             0,1675862    0,1496859    true        -10,7 %
442  500 000 000     500             0,1663342    0,1202466    true        -27,7 %
443  500 000 000     750             0,1649232    0,1209943    true        -26,6 %
444  500 000 000     1 000           0,1655195    0,1085882    true        -34,4 %
445  500 000 000     2 500           0,1658186    0,1033467    true        -37,7 %
446  500 000 000     5 000           0,1634985    0,1014403    true        -38,0 %
447  500 000 000     7 500           0,1655642    0,1045016    true        -36,9 %
448  500 000 000     10 000          0,1657219    0,0995927    true        -39,9 %
449  500 000 000     25 000          0,1657978    0,0971740    true        -41,4 %
450  500 000 000     50 000          0,1679986    0,0982602    true        -41,5 %
451  500 000 000     75 000          0,1669153    0,0972615    true        -41,7 %
452  500 000 000     100 000         0,1676130    0,0995670    true        -40,6 %
453  500 000 000     250 000         0,1675879    0,0974177    true        -41,9 %
454  500 000 000     500 000         0,1742431    0,0977749    true        -43,9 %
455  500 000 000     750 000         0,1668755    0,0984722    true        -41,0 %
456  500 000 000     1 000 000       0,1746872    0,0985728    true        -43,6 %
457  500 000 000     2 500 000       0,1685587    0,1002441    true        -40,5 %
458  500 000 000     5 000 000       0,1674228    0,0976933    true        -41,6 %
459  500 000 000     7 500 000       0,1670697    0,0979729    true        -41,4 %
460  500 000 000     10 000 000      0,1684622    0,0968676    true        -42,5 %
461  500 000 000     25 000 000      0,1680700    0,0990926    true        -41,0 %
462  500 000 000     50 000 000      0,1672785    0,0978691    true        -41,5 %
463  500 000 000     75 000 000      0,1926327    0,1006229    true        -47,8 %
464  500 000 000     100 000 000     0,1658528    0,1017537    true        -38,6 %
465  500 000 000     250 000 000     0,1678206    0,1150428    true        -31,4 %
466  750 000 000     10              0,2474413    5,2404312    false       2017,8 %
467  750 000 000     25              0,2484060    1,2588139    false       406,8 %
468  750 000 000     50              0,2468149    0,6513691    false       163,9 %
469  750 000 000     75              0,2484579    0,6617439    false       166,3 %
470  750 000 000     100             0,2483342    0,3680372    false       48,2 %
471  750 000 000     250             0,2506660    0,2365664    true        -5,6 %
472  750 000 000     500             0,2511748    0,2268804    true        -9,7 %
473  750 000 000     750             0,2487482    0,1688721    true        -32,1 %
474  750 000 000     1 000           0,2584480    0,1711186    true        -33,8 %
475  750 000 000     2 500           0,2487727    0,1578699    true        -36,5 %
476  750 000 000     5 000           0,2627583    0,1546765    true        -41,1 %
477  750 000 000     7 500           0,2473942    0,1506368    true        -39,1 %
478  750 000 000     10 000          0,2493058    0,1497616    true        -39,9 %
479  750 000 000     25 000          0,2559936    0,1488367    true        -41,9 %
480  750 000 000     50 000          0,2667066    0,1496348    true        -43,9 %
481  750 000 000     75 000          0,2477114    0,1486245    true        -40,0 %
482  750 000 000     100 000         0,2455724    0,1484256    true        -39,6 %
483  750 000 000     250 000         0,2447403    0,1484069    true        -39,4 %
484  750 000 000     500 000         0,2457535    0,1483473    true        -39,6 %
485  750 000 000     750 000         0,2465389    0,1459029    true        -40,8 %
486  750 000 000     1 000 000       0,2461703    0,1472835    true        -40,2 %
487  750 000 000     2 500 000       0,2479671    0,1475816    true        -40,5 %
488  750 000 000     5 000 000       0,2464496    0,1473008    true        -40,2 %
489  750 000 000     7 500 000       0,2485889    0,1483477    true        -40,3 %
490  750 000 000     10 000 000      0,2466644    0,1471682    true        -40,3 %
491  750 000 000     25 000 000      0,2499422    0,1476476    true        -40,9 %
492  750 000 000     50 000 000      0,2474512    0,1478499    true        -40,3 %
493  750 000 000     75 000 000      0,2465810    0,1475439    true        -40,2 %
494  750 000 000     100 000 000     0,2472766    0,1597149    true        -35,4 %
495  750 000 000     250 000 000     0,2544074    0,1749895    true        -31,2 %
496  750 000 000     500 000 000     0,2501622    0,1615551    true        -35,4 %
497  1 000 000 000   10              0,3294053    5,2646552    false       1498,2 %
498  1 000 000 000   25              0,3309020    3,1701352    false       858,0 %
499  1 000 000 000   50              0,3308994    2,0203433    false       510,6 %
500  1 000 000 000   75              0,3303774    0,7817478    false       136,6 %
501  1 000 000 000   100             0,3295163    0,6711252    false       103,7 %
502  1 000 000 000   250             0,3298340    0,2792723    true        -15,3 %
503  1 000 000 000   500             0,3261680    0,2424646    true        -25,7 %
504  1 000 000 000   750             0,3288457    0,2477976    true        -24,6 %
505  1 000 000 000   1 000           0,3277286    0,2227473    true        -32,0 %
506  1 000 000 000   2 500           0,3295185    0,2112453    true        -35,9 %
507  1 000 000 000   5 000           0,3316139    0,2043859    true        -38,4 %
508  1 000 000 000   7 500           0,3250797    0,2059320    true        -36,7 %
509  1 000 000 000   10 000          0,3322814    0,2023078    true        -39,1 %
510  1 000 000 000   25 000          0,3312523    0,2036259    true        -38,5 %
511  1 000 000 000   50 000          0,3271145    0,1976329    true        -39,6 %
512  1 000 000 000   75 000          0,3235023    0,2007197    true        -38,0 %
513  1 000 000 000   100 000         0,3322354    0,2005620    true        -39,6 %
514  1 000 000 000   250 000         0,3309374    0,2001493    true        -39,5 %
515  1 000 000 000   500 000         0,3321111    0,2011595    true        -39,4 %
516  1 000 000 000   750 000         0,3290184    0,2005532    true        -39,0 %
517  1 000 000 000   1 000 000       0,3314813    0,1991633    true        -39,9 %
518  1 000 000 000   2 500 000       0,3322456    0,1989207    true        -40,1 %
519  1 000 000 000   5 000 000       0,3302455    0,1980477    true        -40,0 %
520  1 000 000 000   7 500 000       0,3272621    0,1972199    true        -39,7 %
521  1 000 000 000   10 000 000      0,3320033    0,1986753    true        -40,2 %
522  1 000 000 000   25 000 000      0,3286732    0,1982750    true        -39,7 %
523  1 000 000 000   50 000 000      0,3301465    0,2031977    true        -38,5 %
524  1 000 000 000   75 000 000      0,3277699    0,1991860    true        -39,2 %
525  1 000 000 000   100 000 000     0,3553503    0,1992524    true        -43,9 %
526  1 000 000 000   250 000 000     0,3283122    0,2069871    true        -37,0 %
527  1 000 000 000   500 000 000     0,3374517    0,2320182    true        -31,2 %
528  1 000 000 000   750 000 000     0,3297442    0,2210660    true        -33,0 %
BUILD SUCCESSFUL in 16m 32s
2 actionable tasks: 2 executed
8:46:57: Task execution finished 'Main.main()'.
